GoSync,	10,	1,	1000,	0.005829, 
GoSync,	10,	1,	2500,	0.036533, 
GoSync,	10,	1,	5000,	0.147406, 
GoSync,	10,	1,	1000,	0.005828, 
GoSync,	10,	1,	2500,	0.036527, 
GoSync,	10,	1,	5000,	0.147396, 
GoSync,	10,	1,	1000,	0.005830, 
GoSync,	10,	1,	2500,	0.036534, 
GoSync,	10,	1,	5000,	0.147402, 
GoSync,	10,	1,	1000,	0.005833, 
GoSync,	10,	1,	2500,	0.036522, 
GoSync,	10,	1,	5000,	0.147399, 
GoSync,	10,	1,	1000,	0.005830, 
GoSync,	10,	1,	2500,	0.036520, 
GoSync,	10,	1,	5000,	0.147411, 
GoSync,	10,	1,	1000,	0.005830, 
GoSync,	10,	1,	2500,	0.036534, 
GoSync,	10,	1,	5000,	0.147409, 
VectorSync,	10,	2,	1000,	0.000466, 
VectorSync,	10,	2,	2000,	0.002457, 
VectorSync,	10,	2,	5000,	0.016150, 
VectorSync,	10,	4,	1000,	0.000318, 
VectorSync,	10,	4,	2000,	0.002454, 
VectorSync,	10,	4,	5000,	0.016126, 
VectorSync,	10,	8,	1000,	0.000308, 
VectorSync,	10,	8,	2000,	0.002454, 
VectorSync,	10,	8,	5000,	0.016123, 
VectorSync,	10,	16,	1000,	0.000308, 
VectorSync,	10,	16,	2000,	0.002457, 
VectorSync,	10,	16,	5000,	0.016130, 
VectorSync,	10,	32,	1000,	0.000467, 
VectorSync,	10,	32,	2000,	0.002445, 
VectorSync,	10,	32,	5000,	0.016088, 
VectorSync,	10,	60,	1000,	0.000484, 
VectorSync,	10,	60,	2000,	0.002460, 
VectorSync,	10,	60,	5000,	0.016121, 
